DayOfWeek,Sales,Open,Promo,StateHoliday,SchoolHoliday,Month,Year,WeekOfYear,Date
6,643.0,1,0,0,0,1,2015,5,2015-01-31
5,3496.0,1,1,0,0,1,2015,5,2015-01-30
4,3306.0,1,1,0,0,1,2015,5,2015-01-29
3,2960.0,1,1,0,0,1,2015,5,2015-01-28
2,3554.0,1,1,0,0,1,2015,5,2015-01-27
1,5128.0,1,1,0,0,1,2015,5,2015-01-26
7,0.0,0,0,0,0,1,2015,4,2015-01-25
6,632.0,1,0,0,0,1,2015,4,2015-01-24
5,1954.0,1,0,0,0,1,2015,4,2015-01-23
4,1750.0,1,0,0,0,1,2015,4,2015-01-22
3,1908.0,1,0,0,0,1,2015,4,2015-01-21
2,1812.0,1,0,0,0,1,2015,4,2015-01-20
1,1959.0,1,0,0,0,1,2015,4,2015-01-19
7,0.0,0,0,0,0,1,2015,3,2015-01-18
6,888.0,1,0,0,0,1,2015,3,2015-01-17
5,3060.0,1,1,0,0,1,2015,3,2015-01-16
4,3398.0,1,1,0,0,1,2015,3,2015-01-15
3,3128.0,1,1,0,0,1,2015,3,2015-01-14
2,4921.0,1,1,0,0,1,2015,3,2015-01-13
1,4992.0,1,1,0,0,1,2015,3,2015-01-12
7,0.0,0,0,0,0,1,2015,2,2015-01-11
6,667.0,1,0,0,0,1,2015,2,2015-01-10
5,3504.0,1,1,0,0,1,2015,2,2015-01-09
4,2529.0,1,1,0,0,1,2015,2,2015-01-08
3,3080.0,1,1,0,0,1,2015,2,2015-01-07
2,5055.0,1,1,0,0,1,2015,2,2015-01-06
1,5669.0,1,1,0,0,1,2015,2,2015-01-05
7,0.0,0,0,0,0,1,2015,1,2015-01-04
6,887.0,1,0,0,0,1,2015,1,2015-01-03
5,1787.0,1,0,0,1,1,2015,1,2015-01-02
4,0.0,0,0,0,1,1,2015,1,2015-01-01
3,972.0,1,0,0,1,12,2014,1,2014-12-31
2,3160.0,1,0,0,1,12,2014,1,2014-12-30
1,2967.0,1,0,0,1,12,2014,1,2014-12-29
7,0.0,0,0,0,0,12,2014,52,2014-12-28
6,1142.0,1,0,0,0,12,2014,52,2014-12-27
5,0.0,0,0,1,1,12,2014,52,2014-12-26
4,0.0,0,0,1,1,12,2014,52,2014-12-25
3,1552.0,1,0,0,1,12,2014,52,2014-12-24
2,5065.0,1,0,0,1,12,2014,52,2014-12-23
1,5751.0,1,0,0,1,12,2014,52,2014-12-22
7,0.0,0,0,0,0,12,2014,51,2014-12-21
6,2489.0,1,0,0,0,12,2014,51,2014-12-20
5,4907.0,1,1,0,0,12,2014,51,2014-12-19
4,5557.0,1,1,0,0,12,2014,51,2014-12-18
3,5191.0,1,1,0,0,12,2014,51,2014-12-17
2,6935.0,1,1,0,0,12,2014,51,2014-12-16
1,8400.0,1,1,0,0,12,2014,51,2014-12-15
7,0.0,0,0,0,0,12,2014,50,2014-12-14
6,1266.0,1,0,0,0,12,2014,50,2014-12-13
5,2600.0,1,0,0,0,12,2014,50,2014-12-12
4,2279.0,1,0,0,0,12,2014,50,2014-12-11
3,1852.0,1,0,0,0,12,2014,50,2014-12-10
2,3533.0,1,0,0,0,12,2014,50,2014-12-09
1,2738.0,1,0,0,0,12,2014,50,2014-12-08
7,0.0,0,0,0,0,12,2014,49,2014-12-07
6,1191.0,1,0,0,0,12,2014,49,2014-12-06
5,5108.0,1,1,0,0,12,2014,49,2014-12-05
4,3790.0,1,1,0,0,12,2014,49,2014-12-04
3,3810.0,1,1,0,0,12,2014,49,2014-12-03
2,5488.0,1,1,0,0,12,2014,49,2014-12-02
1,5726.0,1,1,0,0,12,2014,49,2014-12-01
7,0.0,0,0,0,0,11,2014,48,2014-11-30
6,1079.0,1,0,0,0,11,2014,48,2014-11-29
5,4104.0,1,1,0,0,11,2014,48,2014-11-28
4,3823.0,1,1,0,0,11,2014,48,2014-11-27
3,3660.0,1,1,0,0,11,2014,48,2014-11-26
2,5399.0,1,1,0,0,11,2014,48,2014-11-25
1,5916.0,1,1,0,0,11,2014,48,2014-11-24
7,0.0,0,0,0,0,11,2014,47,2014-11-23
6,842.0,1,0,0,0,11,2014,47,2014-11-22
5,2487.0,1,0,0,0,11,2014,47,2014-11-21
4,2185.0,1,0,0,0,11,2014,47,2014-11-20
3,1818.0,1,0,0,0,11,2014,47,2014-11-19
2,2469.0,1,0,0,0,11,2014,47,2014-11-18
1,1837.0,1,0,0,0,11,2014,47,2014-11-17
7,0.0,0,0,0,0,11,2014,46,2014-11-16
6,1022.0,1,0,0,0,11,2014,46,2014-11-15
5,3443.0,1,1,0,0,11,2014,46,2014-11-14
4,3210.0,1,1,0,0,11,2014,46,2014-11-13
3,3305.0,1,1,0,0,11,2014,46,2014-11-12
2,4241.0,1,1,0,0,11,2014,46,2014-11-11
1,4901.0,1,1,0,0,11,2014,46,2014-11-10
7,0.0,0,0,0,0,11,2014,45,2014-11-09
6,845.0,1,0,0,0,11,2014,45,2014-11-08
5,3591.0,1,1,0,0,11,2014,45,2014-11-07
4,3499.0,1,1,0,0,11,2014,45,2014-11-06
3,3410.0,1,1,0,0,11,2014,45,2014-11-05
2,5298.0,1,1,0,0,11,2014,45,2014-11-04
1,6286.0,1,1,0,0,11,2014,45,2014-11-03
7,0.0,0,0,0,0,11,2014,44,2014-11-02
6,1276.0,1,0,0,0,11,2014,44,2014-11-01
5,0.0,0,0,1,0,10,2014,44,2014-10-31
4,2869.0,1,0,0,0,10,2014,44,2014-10-30
3,2034.0,1,0,0,0,10,2014,44,2014-10-29
2,2236.0,1,0,0,0,10,2014,44,2014-10-28
1,1703.0,1,0,0,0,10,2014,44,2014-10-27
7,0.0,0,0,0,0,10,2014,43,2014-10-26
6,917.0,1,0,0,0,10,2014,43,2014-10-25
5,3418.0,1,1,0,0,10,2014,43,2014-10-24
4,3560.0,1,1,0,0,10,2014,43,2014-10-23
3,2586.0,1,1,0,0,10,2014,43,2014-10-22
2,4351.0,1,1,0,0,10,2014,43,2014-10-21
1,4859.0,1,1,0,0,10,2014,43,2014-10-20
7,0.0,0,0,0,0,10,2014,42,2014-10-19
6,602.0,1,0,0,0,10,2014,42,2014-10-18
5,2277.0,1,0,0,1,10,2014,42,2014-10-17
4,2220.0,1,0,0,1,10,2014,42,2014-10-16
3,1843.0,1,0,0,1,10,2014,42,2014-10-15
2,1906.0,1,0,0,1,10,2014,42,2014-10-14
1,1993.0,1,0,0,1,10,2014,42,2014-10-13
7,0.0,0,0,0,0,10,2014,41,2014-10-12
6,883.0,1,0,0,0,10,2014,41,2014-10-11
5,3746.0,1,1,0,1,10,2014,41,2014-10-10
4,3626.0,1,1,0,1,10,2014,41,2014-10-09
3,3531.0,1,1,0,1,10,2014,41,2014-10-08
2,4701.0,1,1,0,1,10,2014,41,2014-10-07
1,5577.0,1,1,0,1,10,2014,41,2014-10-06
7,0.0,0,0,0,0,10,2014,40,2014-10-05
6,1288.0,1,0,0,0,10,2014,40,2014-10-04
5,0.0,0,1,1,0,10,2014,40,2014-10-03
4,3929.0,1,1,0,0,10,2014,40,2014-10-02
3,2910.0,1,1,0,0,10,2014,40,2014-10-01
2,6113.0,1,1,0,0,9,2014,40,2014-09-30
1,5919.0,1,1,0,0,9,2014,40,2014-09-29
7,0.0,0,0,0,0,9,2014,39,2014-09-28
6,740.0,1,0,0,0,9,2014,39,2014-09-27
5,2022.0,1,0,0,0,9,2014,39,2014-09-26
4,1560.0,1,0,0,0,9,2014,39,2014-09-25
3,2151.0,1,0,0,0,9,2014,39,2014-09-24
2,1962.0,1,0,0,0,9,2014,39,2014-09-23
1,1910.0,1,0,0,0,9,2014,39,2014-09-22
7,0.0,0,0,0,0,9,2014,38,2014-09-21
6,725.0,1,0,0,0,9,2014,38,2014-09-20
5,3098.0,1,1,0,0,9,2014,38,2014-09-19
4,3157.0,1,1,0,0,9,2014,38,2014-09-18
3,2921.0,1,1,0,0,9,2014,38,2014-09-17
2,4877.0,1,1,0,0,9,2014,38,2014-09-16
1,5506.0,1,1,0,0,9,2014,38,2014-09-15
7,0.0,0,0,0,0,9,2014,37,2014-09-14
6,1167.0,1,0,0,0,9,2014,37,2014-09-13
5,2295.0,1,0,0,0,9,2014,37,2014-09-12
4,1960.0,1,0,0,0,9,2014,37,2014-09-11
3,2110.0,1,0,0,0,9,2014,37,2014-09-10
2,2341.0,1,0,0,0,9,2014,37,2014-09-09
1,1895.0,1,0,0,0,9,2014,37,2014-09-08
7,0.0,0,0,0,0,9,2014,36,2014-09-07
6,773.0,1,0,0,0,9,2014,36,2014-09-06
5,3685.0,1,1,0,0,9,2014,36,2014-09-05
4,3492.0,1,1,0,0,9,2014,36,2014-09-04
3,3773.0,1,1,0,0,9,2014,36,2014-09-03
2,4654.0,1,1,0,0,9,2014,36,2014-09-02
1,5332.0,1,1,0,0,9,2014,36,2014-09-01
7,0.0,0,0,0,0,8,2014,35,2014-08-31
6,781.0,1,0,0,0,8,2014,35,2014-08-30
5,2396.0,1,0,0,1,8,2014,35,2014-08-29
4,1696.0,1,0,0,1,8,2014,35,2014-08-28
3,1880.0,1,0,0,1,8,2014,35,2014-08-27
2,2092.0,1,0,0,1,8,2014,35,2014-08-26
1,1721.0,1,0,0,1,8,2014,35,2014-08-25
7,0.0,0,0,0,0,8,2014,34,2014-08-24
6,813.0,1,0,0,0,8,2014,34,2014-08-23
5,3404.0,1,1,0,1,8,2014,34,2014-08-22
4,3369.0,1,1,0,1,8,2014,34,2014-08-21
3,3187.0,1,1,0,1,8,2014,34,2014-08-20
2,4930.0,1,1,0,1,8,2014,34,2014-08-19
1,5983.0,1,1,0,1,8,2014,34,2014-08-18
7,0.0,0,0,0,0,8,2014,33,2014-08-17
6,1052.0,1,0,0,0,8,2014,33,2014-08-16
5,2563.0,1,0,0,1,8,2014,33,2014-08-15
4,1908.0,1,0,0,1,8,2014,33,2014-08-14
3,1937.0,1,0,0,1,8,2014,33,2014-08-13
2,2290.0,1,0,0,1,8,2014,33,2014-08-12
1,1812.0,1,0,0,1,8,2014,33,2014-08-11
7,0.0,0,0,0,0,8,2014,32,2014-08-10
6,892.0,1,0,0,0,8,2014,32,2014-08-09
5,3635.0,1,1,0,1,8,2014,32,2014-08-08
4,3022.0,1,1,0,1,8,2014,32,2014-08-07
3,3389.0,1,1,0,1,8,2014,32,2014-08-06
2,4373.0,1,1,0,1,8,2014,32,2014-08-05
1,5157.0,1,1,0,1,8,2014,32,2014-08-04
7,0.0,0,0,0,0,8,2014,31,2014-08-03
6,860.0,1,0,0,0,8,2014,31,2014-08-02
5,3973.0,1,1,0,1,8,2014,31,2014-08-01
4,4006.0,1,1,0,1,7,2014,31,2014-07-31
3,3608.0,1,1,0,1,7,2014,31,2014-07-30
2,4443.0,1,1,0,1,7,2014,31,2014-07-29
1,5739.0,1,1,0,1,7,2014,31,2014-07-28
7,0.0,0,0,0,0,7,2014,30,2014-07-27
6,638.0,1,0,0,0,7,2014,30,2014-07-26
5,2344.0,1,0,0,1,7,2014,30,2014-07-25
4,1846.0,1,0,0,1,7,2014,30,2014-07-24
3,1636.0,1,0,0,1,7,2014,30,2014-07-23
2,2090.0,1,0,0,1,7,2014,30,2014-07-22
1,2168.0,1,0,0,1,7,2014,30,2014-07-21
7,0.0,0,0,0,0,7,2014,29,2014-07-20
6,926.0,1,0,0,0,7,2014,29,2014-07-19
5,3230.0,1,1,0,0,7,2014,29,2014-07-18
4,3609.0,1,1,0,0,7,2014,29,2014-07-17
3,4056.0,1,1,0,0,7,2014,29,2014-07-16
2,5339.0,1,1,0,0,7,2014,29,2014-07-15
1,4739.0,1,1,0,0,7,2014,29,2014-07-14
7,0.0,0,0,0,0,7,2014,28,2014-07-13
6,923.0,1,0,0,0,7,2014,28,2014-07-12
5,2514.0,1,0,0,0,7,2014,28,2014-07-11
4,2032.0,1,0,0,0,7,2014,28,2014-07-10
3,1755.0,1,0,0,0,7,2014,28,2014-07-09
2,2194.0,1,0,0,0,7,2014,28,2014-07-08
1,1933.0,1,0,0,0,7,2014,28,2014-07-07
7,0.0,0,0,0,0,7,2014,27,2014-07-06
6,894.0,1,0,0,0,7,2014,27,2014-07-05
5,3418.0,1,1,0,0,7,2014,27,2014-07-04
4,3730.0,1,1,0,0,7,2014,27,2014-07-03
3,3539.0,1,1,0,0,7,2014,27,2014-07-02
2,4105.0,1,1,0,0,7,2014,27,2014-07-01
1,8045.0,1,1,0,0,6,2014,27,2014-06-30
7,0.0,0,0,0,0,6,2014,26,2014-06-29
6,885.0,1,0,0,0,6,2014,26,2014-06-28
5,2591.0,1,0,0,0,6,2014,26,2014-06-27
4,1791.0,1,0,0,0,6,2014,26,2014-06-26
3,1649.0,1,0,0,0,6,2014,26,2014-06-25
2,2115.0,1,0,0,0,6,2014,26,2014-06-24
1,2022.0,1,0,0,0,6,2014,26,2014-06-23
7,0.0,0,0,0,0,6,2014,25,2014-06-22
6,928.0,1,0,0,0,6,2014,25,2014-06-21
5,3305.0,1,1,0,0,6,2014,25,2014-06-20
4,3040.0,1,1,0,0,6,2014,25,2014-06-19
3,3421.0,1,1,0,0,6,2014,25,2014-06-18
2,5093.0,1,1,0,0,6,2014,25,2014-06-17
1,6403.0,1,1,0,0,6,2014,25,2014-06-16
7,0.0,0,0,0,0,6,2014,24,2014-06-15
6,1100.0,1,0,0,0,6,2014,24,2014-06-14
5,2525.0,1,0,0,0,6,2014,24,2014-06-13
4,2066.0,1,0,0,0,6,2014,24,2014-06-12
3,1746.0,1,0,0,0,6,2014,24,2014-06-11
2,2023.0,1,0,0,0,6,2014,24,2014-06-10
1,0.0,0,0,1,0,6,2014,24,2014-06-09
7,0.0,0,0,0,0,6,2014,23,2014-06-08
6,770.0,1,0,0,0,6,2014,23,2014-06-07
5,3445.0,1,1,0,0,6,2014,23,2014-06-06
4,3285.0,1,1,0,0,6,2014,23,2014-06-05
3,3203.0,1,1,0,0,6,2014,23,2014-06-04
2,5067.0,1,1,0,0,6,2014,23,2014-06-03
1,6085.0,1,1,0,0,6,2014,23,2014-06-02
7,0.0,0,0,0,0,6,2014,22,2014-06-01
6,1091.0,1,0,0,0,5,2014,22,2014-05-31
5,3536.0,1,0,0,1,5,2014,22,2014-05-30
4,0.0,0,0,1,0,5,2014,22,2014-05-29
3,1777.0,1,0,0,0,5,2014,22,2014-05-28
2,2515.0,1,0,0,0,5,2014,22,2014-05-27
1,1821.0,1,0,0,0,5,2014,22,2014-05-26
7,0.0,0,0,0,0,5,2014,21,2014-05-25
6,978.0,1,0,0,0,5,2014,21,2014-05-24
5,3693.0,1,1,0,0,5,2014,21,2014-05-23
4,2971.0,1,1,0,0,5,2014,21,2014-05-22
3,2849.0,1,1,0,0,5,2014,21,2014-05-21
2,4338.0,1,1,0,0,5,2014,21,2014-05-20
1,5151.0,1,1,0,0,5,2014,21,2014-05-19
7,0.0,0,0,0,0,5,2014,20,2014-05-18
6,977.0,1,0,0,0,5,2014,20,2014-05-17
5,2165.0,1,0,0,0,5,2014,20,2014-05-16
4,1750.0,1,0,0,0,5,2014,20,2014-05-15
3,1743.0,1,0,0,0,5,2014,20,2014-05-14
2,2362.0,1,0,0,0,5,2014,20,2014-05-13
1,1526.0,1,0,0,0,5,2014,20,2014-05-12
7,0.0,0,0,0,0,5,2014,19,2014-05-11
6,825.0,1,0,0,0,5,2014,19,2014-05-10
5,3583.0,1,1,0,0,5,2014,19,2014-05-09
4,3213.0,1,1,0,0,5,2014,19,2014-05-08
3,2892.0,1,1,0,0,5,2014,19,2014-05-07
2,5060.0,1,1,0,0,5,2014,19,2014-05-06
1,5333.0,1,1,0,0,5,2014,19,2014-05-05
7,0.0,0,0,0,0,5,2014,18,2014-05-04
6,1102.0,1,0,0,0,5,2014,18,2014-05-03
5,4094.0,1,1,0,1,5,2014,18,2014-05-02
4,0.0,0,1,1,1,5,2014,18,2014-05-01
3,4065.0,1,1,0,1,4,2014,18,2014-04-30
2,5166.0,1,1,0,1,4,2014,18,2014-04-29
1,5041.0,1,1,0,1,4,2014,18,2014-04-28
7,0.0,0,0,0,0,4,2014,17,2014-04-27
6,732.0,1,0,0,0,4,2014,17,2014-04-26
5,2583.0,1,0,0,1,4,2014,17,2014-04-25
4,1622.0,1,0,0,1,4,2014,17,2014-04-24
3,1755.0,1,0,0,1,4,2014,17,2014-04-23
2,2489.0,1,0,0,1,4,2014,17,2014-04-22
1,0.0,0,0,1,1,4,2014,17,2014-04-21
7,0.0,0,0,0,0,4,2014,16,2014-04-20
6,1292.0,1,0,0,0,4,2014,16,2014-04-19
5,0.0,0,1,1,0,4,2014,16,2014-04-18
4,3881.0,1,1,0,0,4,2014,16,2014-04-17
3,4302.0,1,1,0,0,4,2014,16,2014-04-16
2,6412.0,1,1,0,0,4,2014,16,2014-04-15
1,6225.0,1,1,0,0,4,2014,16,2014-04-14
7,0.0,0,0,0,0,4,2014,15,2014-04-13
6,859.0,1,0,0,0,4,2014,15,2014-04-12
5,2348.0,1,0,0,0,4,2014,15,2014-04-11
4,1591.0,1,0,0,0,4,2014,15,2014-04-10
3,1544.0,1,0,0,0,4,2014,15,2014-04-09
2,2112.0,1,0,0,0,4,2014,15,2014-04-08
1,1700.0,1,0,0,0,4,2014,15,2014-04-07
7,0.0,0,0,0,0,4,2014,14,2014-04-06
6,783.0,1,0,0,0,4,2014,14,2014-04-05
5,3747.0,1,1,0,0,4,2014,14,2014-04-04
4,3172.0,1,1,0,0,4,2014,14,2014-04-03
3,2797.0,1,1,0,0,4,2014,14,2014-04-02
2,3765.0,1,1,0,0,4,2014,14,2014-04-01
1,7031.0,1,1,0,0,3,2014,14,2014-03-31
7,0.0,0,0,0,0,3,2014,13,2014-03-30
6,852.0,1,0,0,0,3,2014,13,2014-03-29
5,2329.0,1,0,0,0,3,2014,13,2014-03-28
4,1908.0,1,0,0,0,3,2014,13,2014-03-27
3,1571.0,1,0,0,0,3,2014,13,2014-03-26
2,2465.0,1,0,0,0,3,2014,13,2014-03-25
1,1896.0,1,0,0,0,3,2014,13,2014-03-24
7,0.0,0,0,0,0,3,2014,12,2014-03-23
6,669.0,1,0,0,0,3,2014,12,2014-03-22
5,3525.0,1,1,0,0,3,2014,12,2014-03-21
4,2884.0,1,1,0,0,3,2014,12,2014-03-20
3,3194.0,1,1,0,0,3,2014,12,2014-03-19
2,4939.0,1,1,0,0,3,2014,12,2014-03-18
1,5414.0,1,1,0,0,3,2014,12,2014-03-17
7,0.0,0,0,0,0,3,2014,11,2014-03-16
6,656.0,1,0,0,0,3,2014,11,2014-03-15
5,1963.0,1,0,0,0,3,2014,11,2014-03-14
4,2064.0,1,0,0,0,3,2014,11,2014-03-13
3,1692.0,1,0,0,0,3,2014,11,2014-03-12
2,2147.0,1,0,0,0,3,2014,11,2014-03-11
1,1349.0,1,0,0,0,3,2014,11,2014-03-10
7,0.0,0,0,0,0,3,2014,10,2014-03-09
6,960.0,1,0,0,0,3,2014,10,2014-03-08
5,4092.0,1,1,0,0,3,2014,10,2014-03-07
4,3609.0,1,1,0,0,3,2014,10,2014-03-06
3,4169.0,1,1,0,0,3,2014,10,2014-03-05
2,5882.0,1,1,0,0,3,2014,10,2014-03-04
1,3496.0,1,1,0,0,3,2014,10,2014-03-03
7,0.0,0,0,0,0,3,2014,9,2014-03-02
6,1050.0,1,0,0,0,3,2014,9,2014-03-01
5,2469.0,1,0,0,0,2,2014,9,2014-02-28
4,1732.0,1,0,0,0,2,2014,9,2014-02-27
3,1574.0,1,0,0,0,2,2014,9,2014-02-26
2,2200.0,1,0,0,0,2,2014,9,2014-02-25
1,1732.0,1,0,0,0,2,2014,9,2014-02-24
7,0.0,0,0,0,0,2,2014,8,2014-02-23
6,799.0,1,0,0,0,2,2014,8,2014-02-22
5,3032.0,1,1,0,1,2,2014,8,2014-02-21
4,2983.0,1,1,0,1,2,2014,8,2014-02-20
3,3442.0,1,1,0,1,2,2014,8,2014-02-19
2,4845.0,1,1,0,1,2,2014,8,2014-02-18
1,5502.0,1,1,0,1,2,2014,8,2014-02-17
7,0.0,0,0,0,0,2,2014,7,2014-02-16
6,954.0,1,0,0,0,2,2014,7,2014-02-15
5,2448.0,1,0,0,0,2,2014,7,2014-02-14
4,2046.0,1,0,0,0,2,2014,7,2014-02-13
3,1801.0,1,0,0,0,2,2014,7,2014-02-12
2,2339.0,1,0,0,0,2,2014,7,2014-02-11
1,2158.0,1,0,0,0,2,2014,7,2014-02-10
7,0.0,0,0,0,0,2,2014,6,2014-02-09
6,981.0,1,0,0,0,2,2014,6,2014-02-08
5,3392.0,1,1,0,0,2,2014,6,2014-02-07
4,3203.0,1,1,0,0,2,2014,6,2014-02-06
3,3460.0,1,1,0,0,2,2014,6,2014-02-05
2,5943.0,1,1,0,0,2,2014,6,2014-02-04
1,6624.0,1,1,0,0,2,2014,6,2014-02-03
7,0.0,0,0,0,0,2,2014,5,2014-02-02
6,870.0,1,0,0,0,2,2014,5,2014-02-01
5,2671.0,1,0,0,0,1,2014,5,2014-01-31
4,2045.0,1,0,0,0,1,2014,5,2014-01-30
3,1405.0,1,0,0,0,1,2014,5,2014-01-29
2,1972.0,1,0,0,0,1,2014,5,2014-01-28
1,1538.0,1,0,0,0,1,2014,5,2014-01-27
7,0.0,0,0,0,0,1,2014,4,2014-01-26
6,640.0,1,0,0,0,1,2014,4,2014-01-25
5,2817.0,1,1,0,0,1,2014,4,2014-01-24
4,2910.0,1,1,0,0,1,2014,4,2014-01-23
3,3955.0,1,1,0,0,1,2014,4,2014-01-22
2,4501.0,1,1,0,0,1,2014,4,2014-01-21
1,5892.0,1,1,0,0,1,2014,4,2014-01-20
7,0.0,0,0,0,0,1,2014,3,2014-01-19
6,889.0,1,0,0,0,1,2014,3,2014-01-18
5,2041.0,1,0,0,0,1,2014,3,2014-01-17
4,1815.0,1,0,0,0,1,2014,3,2014-01-16
3,1769.0,1,0,0,0,1,2014,3,2014-01-15
2,2104.0,1,0,0,0,1,2014,3,2014-01-14
1,1737.0,1,0,0,0,1,2014,3,2014-01-13
7,0.0,0,0,0,0,1,2014,2,2014-01-12
6,785.0,1,0,0,0,1,2014,2,2014-01-11
5,4170.0,1,1,0,0,1,2014,2,2014-01-10
4,3392.0,1,1,0,0,1,2014,2,2014-01-09
3,3558.0,1,1,0,0,1,2014,2,2014-01-08
2,5550.0,1,1,0,0,1,2014,2,2014-01-07
1,6572.0,1,1,0,0,1,2014,2,2014-01-06
7,0.0,0,0,0,0,1,2014,1,2014-01-05
6,787.0,1,0,0,0,1,2014,1,2014-01-04
5,2234.0,1,0,0,1,1,2014,1,2014-01-03
4,2006.0,1,0,0,1,1,2014,1,2014-01-02
3,0.0,0,0,1,1,1,2014,1,2014-01-01
2,1024.0,1,0,0,1,12,2013,1,2013-12-31
1,3494.0,1,0,0,1,12,2013,1,2013-12-30
7,0.0,0,0,0,0,12,2013,52,2013-12-29
6,1376.0,1,0,0,0,12,2013,52,2013-12-28
5,2354.0,1,0,0,1,12,2013,52,2013-12-27
4,0.0,0,0,1,1,12,2013,52,2013-12-26
3,0.0,0,0,1,1,12,2013,52,2013-12-25
2,1564.0,1,0,0,1,12,2013,52,2013-12-24
1,6018.0,1,0,0,1,12,2013,52,2013-12-23
7,0.0,0,0,0,0,12,2013,51,2013-12-22
6,3223.0,1,0,0,0,12,2013,51,2013-12-21
5,5783.0,1,1,0,0,12,2013,51,2013-12-20
4,6401.0,1,1,0,0,12,2013,51,2013-12-19
3,5556.0,1,1,0,0,12,2013,51,2013-12-18
2,8772.0,1,1,0,0,12,2013,51,2013-12-17
1,10676.0,1,1,0,0,12,2013,51,2013-12-16
7,0.0,0,0,0,0,12,2013,50,2013-12-15
6,1301.0,1,0,0,0,12,2013,50,2013-12-14
5,3132.0,1,0,0,0,12,2013,50,2013-12-13
4,2784.0,1,0,0,0,12,2013,50,2013-12-12
3,3084.0,1,0,0,0,12,2013,50,2013-12-11
2,3009.0,1,0,0,0,12,2013,50,2013-12-10
1,2527.0,1,0,0,0,12,2013,50,2013-12-09
7,0.0,0,0,0,0,12,2013,49,2013-12-08
6,1187.0,1,0,0,0,12,2013,49,2013-12-07
5,3364.0,1,1,0,0,12,2013,49,2013-12-06
4,4634.0,1,1,0,0,12,2013,49,2013-12-05
3,4905.0,1,1,0,0,12,2013,49,2013-12-04
2,6507.0,1,1,0,0,12,2013,49,2013-12-03
1,7745.0,1,1,0,0,12,2013,49,2013-12-02
7,0.0,0,0,0,0,12,2013,48,2013-12-01
6,1055.0,1,0,0,0,11,2013,48,2013-11-30
5,3083.0,1,0,0,0,11,2013,48,2013-11-29
4,2162.0,1,0,0,0,11,2013,48,2013-11-28
3,2003.0,1,0,0,0,11,2013,48,2013-11-27
2,2408.0,1,0,0,0,11,2013,48,2013-11-26
1,1960.0,1,0,0,0,11,2013,48,2013-11-25
7,0.0,0,0,0,0,11,2013,47,2013-11-24
6,810.0,1,0,0,0,11,2013,47,2013-11-23
5,3659.0,1,1,0,0,11,2013,47,2013-11-22
4,3074.0,1,1,0,0,11,2013,47,2013-11-21
3,2953.0,1,1,0,0,11,2013,47,2013-11-20
2,5472.0,1,1,0,0,11,2013,47,2013-11-19
1,6165.0,1,1,0,0,11,2013,47,2013-11-18
7,0.0,0,0,0,0,11,2013,46,2013-11-17
6,813.0,1,0,0,0,11,2013,46,2013-11-16
5,2115.0,1,0,0,0,11,2013,46,2013-11-15
4,1928.0,1,0,0,0,11,2013,46,2013-11-14
3,1731.0,1,0,0,0,11,2013,46,2013-11-13
2,2179.0,1,0,0,0,11,2013,46,2013-11-12
1,1982.0,1,0,0,0,11,2013,46,2013-11-11
7,0.0,0,0,0,0,11,2013,45,2013-11-10
6,1005.0,1,0,0,0,11,2013,45,2013-11-09
5,3890.0,1,1,0,0,11,2013,45,2013-11-08
4,3759.0,1,1,0,0,11,2013,45,2013-11-07
3,3683.0,1,1,0,0,11,2013,45,2013-11-06
2,5191.0,1,1,0,0,11,2013,45,2013-11-05
1,6032.0,1,1,0,0,11,2013,45,2013-11-04
7,0.0,0,0,0,0,11,2013,44,2013-11-03
6,745.0,1,0,0,0,11,2013,44,2013-11-02
5,3003.0,1,0,0,1,11,2013,44,2013-11-01
4,0.0,0,0,1,1,10,2013,44,2013-10-31
3,2216.0,1,0,0,1,10,2013,44,2013-10-30
2,2217.0,1,0,0,1,10,2013,44,2013-10-29
1,1697.0,1,0,0,1,10,2013,44,2013-10-28
7,0.0,0,0,0,0,10,2013,43,2013-10-27
6,758.0,1,0,0,0,10,2013,43,2013-10-26
5,3034.0,1,1,0,1,10,2013,43,2013-10-25
4,2884.0,1,1,0,1,10,2013,43,2013-10-24
3,3252.0,1,1,0,1,10,2013,43,2013-10-23
2,4607.0,1,1,0,1,10,2013,43,2013-10-22
1,5251.0,1,1,0,1,10,2013,43,2013-10-21
7,0.0,0,0,0,0,10,2013,42,2013-10-20
6,674.0,1,0,0,0,10,2013,42,2013-10-19
5,2185.0,1,0,0,0,10,2013,42,2013-10-18
4,2091.0,1,0,0,0,10,2013,42,2013-10-17
3,2053.0,1,0,0,0,10,2013,42,2013-10-16
2,1922.0,1,0,0,0,10,2013,42,2013-10-15
1,1748.0,1,0,0,0,10,2013,42,2013-10-14
7,0.0,0,0,0,0,10,2013,41,2013-10-13
6,1035.0,1,0,0,0,10,2013,41,2013-10-12
5,3544.0,1,1,0,0,10,2013,41,2013-10-11
4,3163.0,1,1,0,0,10,2013,41,2013-10-10
3,3604.0,1,1,0,0,10,2013,41,2013-10-09
2,5720.0,1,1,0,0,10,2013,41,2013-10-08
1,6144.0,1,1,0,0,10,2013,41,2013-10-07
7,0.0,0,0,0,0,10,2013,40,2013-10-06
6,692.0,1,0,0,0,10,2013,40,2013-10-05
5,3368.0,1,0,0,0,10,2013,40,2013-10-04
4,0.0,0,0,1,0,10,2013,40,2013-10-03
3,1458.0,1,0,0,0,10,2013,40,2013-10-02
2,1990.0,1,0,0,0,10,2013,40,2013-10-01
1,2958.0,1,0,0,0,9,2013,40,2013-09-30
7,0.0,0,0,0,0,9,2013,39,2013-09-29
6,884.0,1,0,0,0,9,2013,39,2013-09-28
5,3822.0,1,1,0,0,9,2013,39,2013-09-27
4,3132.0,1,1,0,0,9,2013,39,2013-09-26
3,3433.0,1,1,0,0,9,2013,39,2013-09-25
2,5073.0,1,1,0,0,9,2013,39,2013-09-24
1,5628.0,1,1,0,0,9,2013,39,2013-09-23
7,0.0,0,0,0,0,9,2013,38,2013-09-22
6,863.0,1,0,0,0,9,2013,38,2013-09-21
5,2080.0,1,0,0,0,9,2013,38,2013-09-20
4,1712.0,1,0,0,0,9,2013,38,2013-09-19
3,1712.0,1,0,0,0,9,2013,38,2013-09-18
2,1977.0,1,0,0,0,9,2013,38,2013-09-17
1,1759.0,1,0,0,0,9,2013,38,2013-09-16
7,0.0,0,0,0,0,9,2013,37,2013-09-15
6,1047.0,1,0,0,0,9,2013,37,2013-09-14
5,3599.0,1,1,0,0,9,2013,37,2013-09-13
4,3346.0,1,1,0,0,9,2013,37,2013-09-12
3,3141.0,1,1,0,0,9,2013,37,2013-09-11
2,4626.0,1,1,0,0,9,2013,37,2013-09-10
1,5711.0,1,1,0,0,9,2013,37,2013-09-09
7,0.0,0,0,0,0,9,2013,36,2013-09-08
6,1135.0,1,0,0,0,9,2013,36,2013-09-07
5,2372.0,1,0,0,0,9,2013,36,2013-09-06
4,1791.0,1,0,0,0,9,2013,36,2013-09-05
3,2062.0,1,0,0,0,9,2013,36,2013-09-04
2,2432.0,1,0,0,0,9,2013,36,2013-09-03
1,1945.0,1,0,0,0,9,2013,36,2013-09-02
7,0.0,0,0,0,0,9,2013,35,2013-09-01
6,984.0,1,0,0,0,8,2013,35,2013-08-31
5,4033.0,1,1,0,0,8,2013,35,2013-08-30
4,3537.0,1,1,0,0,8,2013,35,2013-08-29
3,3485.0,1,1,0,0,8,2013,35,2013-08-28
2,4539.0,1,1,0,0,8,2013,35,2013-08-27
1,5443.0,1,1,0,0,8,2013,35,2013-08-26
7,0.0,0,0,0,0,8,2013,34,2013-08-25
6,559.0,1,0,0,0,8,2013,34,2013-08-24
5,1763.0,1,0,0,1,8,2013,34,2013-08-23
4,2100.0,1,0,0,1,8,2013,34,2013-08-22
3,1580.0,1,0,0,1,8,2013,34,2013-08-21
2,2230.0,1,0,0,1,8,2013,34,2013-08-20
1,1599.0,1,0,0,1,8,2013,34,2013-08-19
7,0.0,0,0,0,0,8,2013,33,2013-08-18
6,957.0,1,0,0,0,8,2013,33,2013-08-17
5,3394.0,1,1,0,1,8,2013,33,2013-08-16
4,3025.0,1,1,0,1,8,2013,33,2013-08-15
3,3432.0,1,1,0,1,8,2013,33,2013-08-14
2,5171.0,1,1,0,1,8,2013,33,2013-08-13
1,5392.0,1,1,0,1,8,2013,33,2013-08-12
7,0.0,0,0,0,0,8,2013,32,2013-08-11
6,914.0,1,0,0,0,8,2013,32,2013-08-10
5,2015.0,1,0,0,1,8,2013,32,2013-08-09
4,2156.0,1,0,0,1,8,2013,32,2013-08-08
3,1975.0,1,0,0,1,8,2013,32,2013-08-07
2,2072.0,1,0,0,1,8,2013,32,2013-08-06
1,1676.0,1,0,0,1,8,2013,32,2013-08-05
7,0.0,0,0,0,0,8,2013,31,2013-08-04
6,861.0,1,0,0,0,8,2013,31,2013-08-03
5,3939.0,1,1,0,1,8,2013,31,2013-08-02
4,3598.0,1,1,0,1,8,2013,31,2013-08-01
3,4285.0,1,1,0,1,7,2013,31,2013-07-31
2,5093.0,1,1,0,1,7,2013,31,2013-07-30
1,6101.0,1,1,0,1,7,2013,31,2013-07-29
7,0.0,0,0,0,0,7,2013,30,2013-07-28
6,1129.0,1,0,0,0,7,2013,30,2013-07-27
5,2042.0,1,0,0,1,7,2013,30,2013-07-26
4,1863.0,1,0,0,1,7,2013,30,2013-07-25
3,1772.0,1,0,0,1,7,2013,30,2013-07-24
2,2038.0,1,0,0,1,7,2013,30,2013-07-23
1,1724.0,1,0,0,1,7,2013,30,2013-07-22
7,0.0,0,0,0,0,7,2013,29,2013-07-21
6,839.0,1,0,0,0,7,2013,29,2013-07-20
5,3863.0,1,1,0,1,7,2013,29,2013-07-19
4,3777.0,1,1,0,1,7,2013,29,2013-07-18
3,3511.0,1,1,0,1,7,2013,29,2013-07-17
2,5414.0,1,1,0,1,7,2013,29,2013-07-16
1,7028.0,1,1,0,1,7,2013,29,2013-07-15
7,0.0,0,0,0,0,7,2013,28,2013-07-14
6,943.0,1,0,0,0,7,2013,28,2013-07-13
5,2708.0,1,0,0,0,7,2013,28,2013-07-12
4,2313.0,1,0,0,0,7,2013,28,2013-07-11
3,1963.0,1,0,0,0,7,2013,28,2013-07-10
2,2312.0,1,0,0,0,7,2013,28,2013-07-09
1,1919.0,1,0,0,0,7,2013,28,2013-07-08
7,0.0,0,0,0,0,7,2013,27,2013-07-07
6,1259.0,1,0,0,0,7,2013,27,2013-07-06
5,4017.0,1,1,0,0,7,2013,27,2013-07-05
4,3615.0,1,1,0,0,7,2013,27,2013-07-04
3,4156.0,1,1,0,0,7,2013,27,2013-07-03
2,4449.0,1,1,0,0,7,2013,27,2013-07-02
1,4510.0,1,1,0,0,7,2013,27,2013-07-01
7,0.0,0,0,0,0,6,2013,26,2013-06-30
6,1076.0,1,0,0,0,6,2013,26,2013-06-29
5,3294.0,1,0,0,0,6,2013,26,2013-06-28
4,1961.0,1,0,0,0,6,2013,26,2013-06-27
3,1950.0,1,0,0,0,6,2013,26,2013-06-26
2,2015.0,1,0,0,0,6,2013,26,2013-06-25
1,1983.0,1,0,0,0,6,2013,26,2013-06-24
7,0.0,0,0,0,0,6,2013,25,2013-06-23
6,738.0,1,0,0,0,6,2013,25,2013-06-22
5,3750.0,1,1,0,0,6,2013,25,2013-06-21
4,2687.0,1,1,0,0,6,2013,25,2013-06-20
3,2721.0,1,1,0,0,6,2013,25,2013-06-19
2,4744.0,1,1,0,0,6,2013,25,2013-06-18
1,5634.0,1,1,0,0,6,2013,25,2013-06-17
7,0.0,0,0,0,0,6,2013,24,2013-06-16
6,934.0,1,0,0,0,6,2013,24,2013-06-15
5,2809.0,1,0,0,0,6,2013,24,2013-06-14
4,1931.0,1,0,0,0,6,2013,24,2013-06-13
3,1760.0,1,0,0,0,6,2013,24,2013-06-12
2,2722.0,1,0,0,0,6,2013,24,2013-06-11
1,1609.0,1,0,0,0,6,2013,24,2013-06-10
7,0.0,0,0,0,0,6,2013,23,2013-06-09
6,1356.0,1,0,0,0,6,2013,23,2013-06-08
5,1879.0,1,1,0,0,6,2013,23,2013-06-07
4,2760.0,1,1,0,0,6,2013,23,2013-06-06
3,3172.0,1,1,0,0,6,2013,23,2013-06-05
2,4432.0,1,1,0,0,6,2013,23,2013-06-04
1,5012.0,1,1,0,0,6,2013,23,2013-06-03
7,0.0,0,0,0,0,6,2013,22,2013-06-02
6,838.0,1,0,0,0,6,2013,22,2013-06-01
5,4433.0,1,1,0,0,5,2013,22,2013-05-31
4,3311.0,1,1,0,0,5,2013,22,2013-05-30
3,3261.0,1,1,0,0,5,2013,22,2013-05-29
2,4689.0,1,1,0,0,5,2013,22,2013-05-28
1,5294.0,1,1,0,0,5,2013,22,2013-05-27
7,0.0,0,0,0,0,5,2013,21,2013-05-26
6,827.0,1,0,0,0,5,2013,21,2013-05-25
5,2082.0,1,0,0,0,5,2013,21,2013-05-24
4,2068.0,1,0,0,0,5,2013,21,2013-05-23
3,1383.0,1,0,0,0,5,2013,21,2013-05-22
2,2355.0,1,0,0,0,5,2013,21,2013-05-21
1,0.0,0,0,1,0,5,2013,21,2013-05-20
7,0.0,0,0,0,0,5,2013,20,2013-05-19
6,748.0,1,0,0,0,5,2013,20,2013-05-18
5,3043.0,1,1,0,0,5,2013,20,2013-05-17
4,3343.0,1,1,0,0,5,2013,20,2013-05-16
3,3216.0,1,1,0,0,5,2013,20,2013-05-15
2,4742.0,1,1,0,0,5,2013,20,2013-05-14
1,5355.0,1,1,0,0,5,2013,20,2013-05-13
7,0.0,0,0,0,0,5,2013,19,2013-05-12
6,736.0,1,0,0,0,5,2013,19,2013-05-11
5,2705.0,1,0,0,1,5,2013,19,2013-05-10
4,0.0,0,0,1,0,5,2013,19,2013-05-09
3,2458.0,1,0,0,0,5,2013,19,2013-05-08
2,2789.0,1,0,0,0,5,2013,19,2013-05-07
1,1991.0,1,0,0,0,5,2013,19,2013-05-06
7,0.0,0,0,0,0,5,2013,18,2013-05-05
6,937.0,1,0,0,0,5,2013,18,2013-05-04
5,3921.0,1,1,0,0,5,2013,18,2013-05-03
4,3799.0,1,1,0,0,5,2013,18,2013-05-02
3,0.0,0,1,1,0,5,2013,18,2013-05-01
2,5264.0,1,1,0,0,4,2013,18,2013-04-30
1,4755.0,1,1,0,0,4,2013,18,2013-04-29
7,0.0,0,0,0,0,4,2013,17,2013-04-28
6,728.0,1,0,0,0,4,2013,17,2013-04-27
5,3280.0,1,1,0,0,4,2013,17,2013-04-26
4,3011.0,1,1,0,0,4,2013,17,2013-04-25
3,3566.0,1,1,0,0,4,2013,17,2013-04-24
2,4487.0,1,1,0,0,4,2013,17,2013-04-23
1,5298.0,1,1,0,0,4,2013,17,2013-04-22
7,0.0,0,0,0,0,4,2013,16,2013-04-21
6,741.0,1,0,0,0,4,2013,16,2013-04-20
5,2188.0,1,0,0,0,4,2013,16,2013-04-19
4,1893.0,1,0,0,0,4,2013,16,2013-04-18
3,2051.0,1,0,0,0,4,2013,16,2013-04-17
2,1925.0,1,0,0,0,4,2013,16,2013-04-16
1,1557.0,1,0,0,0,4,2013,16,2013-04-15
7,0.0,0,0,0,0,4,2013,15,2013-04-14
6,906.0,1,0,0,0,4,2013,15,2013-04-13
5,3515.0,1,1,0,0,4,2013,15,2013-04-12
4,2757.0,1,1,0,0,4,2013,15,2013-04-11
3,3857.0,1,1,0,0,4,2013,15,2013-04-10
2,4658.0,1,1,0,0,4,2013,15,2013-04-09
1,6223.0,1,1,0,0,4,2013,15,2013-04-08
7,0.0,0,0,0,0,4,2013,14,2013-04-07
6,703.0,1,0,0,0,4,2013,14,2013-04-06
5,2406.0,1,0,0,1,4,2013,14,2013-04-05
4,2040.0,1,0,0,1,4,2013,14,2013-04-04
3,1736.0,1,0,0,1,4,2013,14,2013-04-03
2,2157.0,1,0,0,1,4,2013,14,2013-04-02
1,0.0,0,0,1,1,4,2013,14,2013-04-01
7,0.0,0,0,0,0,3,2013,13,2013-03-31
6,1876.0,1,0,0,0,3,2013,13,2013-03-30
5,0.0,0,1,1,1,3,2013,13,2013-03-29
4,5164.0,1,1,0,1,3,2013,13,2013-03-28
3,3855.0,1,1,0,1,3,2013,13,2013-03-27
2,5436.0,1,1,0,1,3,2013,13,2013-03-26
1,6090.0,1,1,0,1,3,2013,13,2013-03-25
7,0.0,0,0,0,0,3,2013,12,2013-03-24
6,817.0,1,0,0,0,3,2013,12,2013-03-23
5,3560.0,1,1,0,0,3,2013,12,2013-03-22
4,3720.0,1,1,0,0,3,2013,12,2013-03-21
3,3078.0,1,1,0,0,3,2013,12,2013-03-20
2,4324.0,1,1,0,0,3,2013,12,2013-03-19
1,5464.0,1,1,0,0,3,2013,12,2013-03-18
7,0.0,0,0,0,0,3,2013,11,2013-03-17
6,843.0,1,0,0,0,3,2013,11,2013-03-16
5,2481.0,1,0,0,0,3,2013,11,2013-03-15
4,1912.0,1,0,0,0,3,2013,11,2013-03-14
3,1556.0,1,0,0,0,3,2013,11,2013-03-13
2,1612.0,1,0,0,0,3,2013,11,2013-03-12
1,1740.0,1,0,0,0,3,2013,11,2013-03-11
7,0.0,0,0,0,0,3,2013,10,2013-03-10
6,859.0,1,0,0,0,3,2013,10,2013-03-09
5,3903.0,1,1,0,0,3,2013,10,2013-03-08
4,3492.0,1,1,0,0,3,2013,10,2013-03-07
3,3633.0,1,1,0,0,3,2013,10,2013-03-06
2,5763.0,1,1,0,0,3,2013,10,2013-03-05
1,6988.0,1,1,0,0,3,2013,10,2013-03-04
7,0.0,0,0,0,0,3,2013,9,2013-03-03
6,993.0,1,0,0,0,3,2013,9,2013-03-02
5,2378.0,1,0,0,0,3,2013,9,2013-03-01
4,2468.0,1,0,0,0,2,2013,9,2013-02-28
3,1594.0,1,0,0,0,2,2013,9,2013-02-27
2,2211.0,1,0,0,0,2,2013,9,2013-02-26
1,1330.0,1,0,0,0,2,2013,9,2013-02-25
7,0.0,0,0,0,0,2,2013,8,2013-02-24
6,636.0,1,0,0,0,2,2013,8,2013-02-23
5,3302.0,1,1,0,1,2,2013,8,2013-02-22
4,3211.0,1,1,0,1,2,2013,8,2013-02-21
3,3049.0,1,1,0,1,2,2013,8,2013-02-20
2,4413.0,1,1,0,1,2,2013,8,2013-02-19
1,6872.0,1,1,0,1,2,2013,8,2013-02-18
7,0.0,0,0,0,0,2,2013,7,2013-02-17
6,721.0,1,0,0,0,2,2013,7,2013-02-16
5,2171.0,1,0,0,0,2,2013,7,2013-02-15
4,2090.0,1,0,0,0,2,2013,7,2013-02-14
3,2059.0,1,0,0,0,2,2013,7,2013-02-13
2,1881.0,1,0,0,0,2,2013,7,2013-02-12
1,1331.0,1,0,0,0,2,2013,7,2013-02-11
7,0.0,0,0,0,0,2,2013,6,2013-02-10
6,1185.0,1,0,0,0,2,2013,6,2013-02-09
5,3821.0,1,1,0,0,2,2013,6,2013-02-08
4,3615.0,1,1,0,0,2,2013,6,2013-02-07
3,3594.0,1,1,0,0,2,2013,6,2013-02-06
2,3922.0,1,1,0,0,2,2013,6,2013-02-05
1,5287.0,1,1,0,0,2,2013,6,2013-02-04
7,0.0,0,0,0,0,2,2013,5,2013-02-03
6,847.0,1,0,0,0,2,2013,5,2013-02-02
5,2676.0,1,0,0,0,2,2013,5,2013-02-01
4,2168.0,1,0,0,0,1,2013,5,2013-01-31
3,1653.0,1,0,0,0,1,2013,5,2013-01-30
2,2208.0,1,0,0,0,1,2013,5,2013-01-29
1,1468.0,1,0,0,0,1,2013,5,2013-01-28
7,0.0,0,0,0,0,1,2013,4,2013-01-27
6,920.0,1,0,0,0,1,2013,4,2013-01-26
5,3295.0,1,1,0,0,1,2013,4,2013-01-25
4,3889.0,1,1,0,0,1,2013,4,2013-01-24
3,3451.0,1,1,0,0,1,2013,4,2013-01-23
2,4891.0,1,1,0,0,1,2013,4,2013-01-22
1,6121.0,1,1,0,0,1,2013,4,2013-01-21
7,0.0,0,0,0,0,1,2013,3,2013-01-20
6,645.0,1,0,0,0,1,2013,3,2013-01-19
5,2013.0,1,0,0,0,1,2013,3,2013-01-18
4,1845.0,1,0,0,0,1,2013,3,2013-01-17
3,1864.0,1,0,0,0,1,2013,3,2013-01-16
2,2217.0,1,0,0,0,1,2013,3,2013-01-15
1,1960.0,1,0,0,0,1,2013,3,2013-01-14
7,0.0,0,0,0,0,1,2013,2,2013-01-13
6,819.0,1,0,0,0,1,2013,2,2013-01-12
5,4105.0,1,1,0,0,1,2013,2,2013-01-11
4,4168.0,1,1,0,0,1,2013,2,2013-01-10
3,3648.0,1,1,0,0,1,2013,2,2013-01-09
2,5597.0,1,1,0,0,1,2013,2,2013-01-08
1,6913.0,1,1,0,0,1,2013,2,2013-01-07
7,0.0,0,0,0,0,1,2013,1,2013-01-06
6,1032.0,1,0,0,0,1,2013,1,2013-01-05
5,2808.0,1,0,0,1,1,2013,1,2013-01-04
4,1811.0,1,0,0,1,1,2013,1,2013-01-03
3,1902.0,1,0,0,1,1,2013,1,2013-01-02
2,0.0,0,0,1,1,1,2013,1,2013-01-01
